0.0 0.0
0.001001001001001001 0.030024179753726954
0.002002002002002002 0.06001327205662721
0.003003003003003003 0.0899322604575567
0.004004004004004004 0.11974627034020413
0.005005005005005005 0.14942063942957626
0.006006006006006006 0.17892098780648585
0.007007007007007007 0.2082132872679064
0.008008008008008008 0.2372639298726486
0.009009009009009009 0.26603979551379703
0.01001001001001001 0.29450831836170943
0.011011011011011011 0.32263755202413047
0.012012012012012012 0.35039623327309133
0.013013013013013013 0.377753844191748
0.014014014014014014 0.4046806725981571
0.015015015015015015 0.43114787060717186
0.016016016016016016 0.4571275111961679
0.017017017017017015 0.4825926426451577
0.018018018018018018 0.5075173407270162
0.01901901901901902 0.5318767585290033
0.02002002002002002 0.555647173792521
0.02102102102102102 0.5788060336640661
0.022022022022022022 0.6013319967566202
0.023023023023023025 0.6232049724272433
0.024024024024024024 0.6444061571833897
0.025025025025025023 0.6649180681374198
0.026026026026026026 0.6847245734359368
0.02702702702702703 0.7038109195979023
0.028028028028028028 0.7221637557029691
0.029029029029029027 0.7397711543790879
0.03003003003003003 0.7566226295461861
0.031031031031031032 0.7727091508805566
0.03203203203203203 0.7880231549725133
0.03303303303303303 0.8025585531578556
0.03403403403403403 0.8163107360116992
0.035035035035035036 0.8292765745012832
0.036036036036036036 0.8414544178024033
0.037037037037037035 0.8528440877921497
0.03803803803803804 0.86344687023862
0.03903903903903904 0.8732655027162043
0.04004004004004004 0.8823041592828988
0.04104104104104104 0.8905684319638604
0.04204204204204204 0.8980653090930502
0.043043043043043044 0.9048031505723344
0.044044044044044044 0.9107916601147507
0.04504504504504504 0.9160418545458388
0.04604604604604605 0.9205660302439294
0.04704704704704705 0.9243777268070656
0.04804804804804805 0.9274916880408051
0.04904904904904905 0.9299238203674716
0.050050050050050046 0.9316911487634989
0.05105105105105105 0.932811770337315
0.05205205205205205 0.9333048056657272
0.05305305305305305 0.9331903480120031
0.05405405405405406 0.9324894105537439
0.055055055055055056 0.9312238717532445
0.056056056056056056 0.9294164190072967
0.057057057057057055 0.9270904907172981
0.058058058058058054 0.9242702169241063
0.05905905905905906 0.9209803586552694
0.06006006006006006 0.9172462461351037
0.06106106106106106 0.9130937160105489
0.062062062062062065 0.9085490477478058
0.06306306306306306 0.9036388993564546
0.06406406406406406 0.8983902425990529
0.06506506506506507 0.8928302978451238
0.06606606606606606 0.8869864687289543
0.06706706706706707 0.8808862767707434
0.06806806806806806 0.8745572961203689
0.06906906906906907 0.8680270885823547
0.07007007007007007 0.8613231390795733
0.07107107107107107 0.8544727917117501
0.07207207207207207 0.8475031865630006
0.07307307307307308 0.8404411974104148
0.07407407407407407 0.8333133704830982
0.07507507507507508 0.8261458644181238
0.07607607607607608 0.8189643915565182
0.07707707707707707 0.8117941607187327
0.07807807807807808 0.8046598215950311
0.07907907907907907 0.7975854108818727
0.08008008008008008 0.7905943002907035
0.08108108108108109 0.783709146550582
0.08208208208208208 0.7769518435207948
0.08308308308308308 0.7703434765240567
0.08408408408408408 0.7639042790050633
0.08508508508508508 0.7576535916130827
0.08608608608608609 0.7516098238009556
0.08708708708708708 0.7457904180263311
0.08808808808808809 0.7402118166342174
0.0890890890890891 0.7348894314929992
0.09009009009009009 0.7298376164489557
0.09109109109109109 0.7250696426570672
0.0920920920920921 0.7205976768384954
0.09309309309309309 0.7164327625076236
0.0940940940940941 0.7125848042039251
0.09509509509509509 0.7090625547562585
0.0960960960960961 0.7058736055994351
0.0970970970970971 0.7030243801551325
0.0980980980980981 0.7005201302814232
0.0990990990990991 0.6983649357873913
0.10010010010010009 0.6965617070015309
0.1011011011011011 0.6951121903748798
0.1021021021021021 0.6940169770921648
0.1031031031031031 0.6932755146566325
0.1041041041041041 0.6928861214067311
0.10510510510510511 0.6928460039154324
0.1061061061061061 0.69315127721572
0.10710710710710711 0.6937969877886739
0.10810810810810811 0.6947771392436595
0.1091091091091091 0.6960847206133775
0.11011011011011011 0.6977117371800082
0.1111111111111111 0.6996492437423635
0.11211211211211211 0.7018873802278834
0.11311311311311312 0.7044154095474986
0.11411411411411411 0.7072217575858124
0.11511511511511512 0.7102940552137902
0.11611611611611611 0.7136191822061604
0.11711711711711711 0.7171833129410484
0.11811811811811812 0.7209719637550245
0.11911911911911911 0.7249700418226978
0.12012012012012012 0.7291618954263204
0.12112112112112113 0.7335313654775083
0.12212212212212212 0.7380618381502082
0.12312312312312312 0.7427362984814203
0.12412412412412413 0.7475373847939271
0.12512512512512514 0.7524474437934107
0.12612612612612611 0.7574485861908452
0.12712712712712712 0.762522742699926
0.12812812812812813 0.7676517202585924
0.12912912912912913 0.7728172583233401
0.13013013013013014 0.7780010850850867
0.13113113113113112 0.7831849734557833
0.13213213213213212 0.788350796675787
0.13313313313313313 0.7934805833932324
0.13413413413413414 0.7985565720682108
0.13513513513513514 0.8035612645565534
0.13613613613613612 0.8084774787303393
0.13713713713713713 0.8132883999949608
0.13813813813813813 0.8179776315656437
0.13913913913913914 0.8225292433697278
0.14014014014014015 0.8269278194447764
0.14114114114114115 0.8311585037066708
0.14214214214214213 0.835207043966249
0.14314314314314314 0.8390598340777791
0.14414414414414414 0.8427039541075676
0.14514514514514515 0.846127208416311
0.14614614614614616 0.8493181615543748
0.14714714714714713 0.8522661718750151
0.14814814814814814 0.8549614227766349
0.14914914914914915 0.8573949514914703
0.15015015015015015 0.8595586753446116
0.15115115115115116 0.8614454154139806
0.15215215215215216 0.8630489175287553
0.15315315315315314 0.8643638705507949
0.15415415415415415 0.8653859218907884
0.15515515515515516 0.8661116902181671
0.15615615615615616 0.8665387753312349
0.15715715715715717 0.8666657651614611
0.15815815815815815 0.8664922398934581
0.15915915915915915 0.8660187731897662
0.16016016016016016 0.8652469305172165
0.16116116116116116 0.864179264579288
0.16216216216216217 0.8628193078665108
0.16316316316316315 0.8611715623445784
0.16416416416416416 0.8592414863073803
0.16516516516516516 0.857035478429664
0.16616616616616617 0.8545608590614219
0.16716716716716717 0.8518258488133973
0.16816816816816815 0.8488395444902673
0.16916916916916916 0.8456118924350781
0.17017017017017017 0.8421536593553691
0.17117117117117117 0.8384764007081016
0.17217217217217218 0.8345924267269842
0.17317317317317318 0.830514766182064
0.17417417417417416 0.8262571279674839
0.17517517517517517 0.8218338606191038
0.17617617617617617 0.8172599098692225
0.17717717717717718 0.8125507743508841
0.1781781781781782 0.8077224595692434
0.17917917917917917 0.8027914302621257
0.18018018018018017 0.7977745612762804
0.18118118118118118 0.7926890870898704
0.18218218218218218 0.787552550115433
0.1831831831831832 0.7823827479209207
0.1841841841841842 0.7771976795094301
0.18518518518518517 0.7720154908008791
0.18618618618618618 0.7668544194611767
0.1871871871871872 0.7617327392263338
0.1881881881881882 0.7566687038705008
0.1891891891891892 0.7516804909680667
0.19019019019019018 0.7467861456007137
0.19119119119119118 0.7420035241607104
0.1921921921921922 0.7373502384017036
0.1931931931931932 0.7328435998878813
0.1941941941941942 0.7285005649915872
0.19519519519519518 0.7243376805882946
0.1961961961961962 0.720371030596299
0.1971971971971972 0.7166161835065449
0.1981981981981982 0.7130881410457011
0.1991991991991992 0.7098012881129173
0.20020020020020018 0.7067693441276531
0.2012012012012012 0.7040053159225801
0.2022022022022022 0.701521452311806
0.2032032032032032 0.6993292004606035
0.2042042042042042 0.6974391641784059
0.20520520520520522 0.695861064252117
0.2062062062062062 0.694603700931756
0.2072072072072072 0.6936749186751292
0.2082082082082082 0.6930815732526341
0.2092092092092092 0.6928295013074243
0.21021021021021022 0.6929234924600656
0.2112112112112112 0.6933672640404502
0.2122122122122122 0.6941634385231799
0.2132132132132132 0.6953135237358496
0.21421421421421422 0.6968178959027147
0.21521521521521522 0.6986757855790959
0.21621621621621623 0.7008852665246077
0.2172172172172172 0.703443247555877
0.2182182182182182 0.7063454674119168
0.21921921921921922 0.709586492657686
0.22022022022022023 0.7131597186436924
0.22122122122122123 0.7170573735317403
0.2222222222222222 0.7212705253891399
0.22322322322322322 0.7257890923459068
0.22422422422422422 0.7306018558016641
0.22522522522522523 0.7356964766612037
0.22622622622622623 0.7410595145699164
0.2272272272272272 0.7466764501126298
0.22822822822822822 0.7525317099318104
0.22922922922922923 0.7586086947135768
0.23023023023023023 0.7648898099826176
0.23123123123123124 0.7713564996398589
0.23223223223223222 0.7779892821696465
0.23323323323323322 0.7847677894363079
0.23423423423423423 0.791670807983235
0.23523523523523523 0.7986763227411315
0.23623623623623624 0.8057615630457742
0.23723723723723725 0.812903050859604
0.23823823823823823 0.8200766510856697
0.23923923923923923 0.8272576238569425
0.24024024024024024 0.8344206786787666
0.24124124124124124 0.8415400302973087
0.24224224224224225 0.8485894561622183
0.24324324324324323 0.8555423553474264
0.24424424424424424 0.8623718087900485
0.24524524524524524 0.8690506407037111
0.24624624624624625 0.8755514810193872
0.24724724724724725 0.8818468287038876
0.24824824824824826 0.887909115803633
0.24924924924924924 0.8937107720591658
0.2502502502502503 0.8992242899340819
0.25125125125125125 0.9044222899006537
0.25225225225225223 0.9092775858234468
0.25325325325325326 0.9137632502815719
0.25425425425425424 0.9178526796700417
0.2552552552552553 0.9215196589208625
0.25625625625625625 0.9247384256850543
0.25725725725725723 0.9274837338177954
0.25825825825825827 0.929730916010212
0.25925925925925924 0.9314559454131129
0.2602602602602603 0.9326354961000997
0.26126126126126126 0.9332470022199811
0.26226226226226224 0.933268715691352
0.26326326326326327 0.9326797622954086
0.26426426426426425 0.9314601960267308
0.2652652652652653 0.9295910515657142
0.26626626626626626 0.9270543947406371
0.26726726726726724 0.9238333708520181
0.2682682682682683 0.9199122507368505
0.26926926926926925 0.9152764744555903
0.2702702702702703 0.9099126924903364
0.27127127127127126 0.9038088043484702
0.27227227227227224 0.896953994472167
0.2732732732732733 0.8893387653605151
0.27427427427427425 0.8809549678176211
0.2752752752752753 0.8717958282468639
0.27627627627627627 0.8618559729185133
0.2772772772772773 0.8511314491451178
0.2782782782782783 0.8396197433064626
0.27927927927927926 0.827319795673409
0.2802802802802803 0.8142320119876131
0.28128128128128127 0.8003582717618669
0.2822822822822823 0.7857019332736904
0.2832832832832833 0.7702678352327446
0.28428428428428426 0.7540622951106202
0.2852852852852853 0.7370931041296019
0.2862862862862863 0.7193695189150507
0.2872872872872873 0.7009022498240747
0.2882882882882883 0.6817034459712062
0.28928928928928926 0.6617866769797414
0.2902902902902903 0.6411669114953376
0.2912912912912913 0.6198604925062747
0.2922922922922923 0.5978851095224988
0.2932932932932933 0.5752597676732012
0.29429429429429427 0.5520047537900996
0.2952952952952953 0.5281415995509332
0.2962962962962963 0.5036930417647818
0.2972972972972973 0.478682979887736
0.2982982982982983 0.45313643086420674
0.29929929929929927 0.4270794813955908
0.3003003003003003 0.4005392377443037
0.3013013013013013 0.3735437731871484
0.3023023023023023 0.3461220732376793
0.3033033033033033 0.3183039787626935
0.30430430430430433 0.2901201271230239
0.3053053053053053 0.26160189147368706
0.3063063063063063 0.23278131836283197
0.3073073073073073 0.20369106377314755
0.3083083083083083 0.17436432775311725
0.30930930930930933 0.14483478778895184
0.3103103103103103 0.11513653107112715
0.3113113113113113 0.08530398581207575
0.3123123123123123 0.055371851773964975
0.3133133133133133 0.025375030167356556
0.31431431431431434 -0.004651446916909769
0.3153153153153153 -0.03467248737909867
0.3163163163163163 -0.06465301012104549
0.3173173173173173 -0.09455801603111103
0.3183183183183183 -0.12435265877914864
0.31931931931931934 -0.15400231525745506
0.3203203203203203 -0.1834726555045035
0.3213213213213213 -0.21272971194958046
0.32232232232232233 -0.24173994781803398
0.3233233233233233 -0.27047032453891817
0.32432432432432434 -0.2988883679992653
0.3253253253253253 -0.32696223349194264
0.3263263263263263 -0.35466076920734074
0.32732732732732733 -0.38195357812257485
0.3283283283283283 -0.4088110781458354
0.32932932932932935 -0.43520456037777394
0.3303303303303303 -0.46110624535631506
0.3313313313313313 -0.4864893371562887
0.33233233233233234 -0.5113280752203884
0.3333333333333333 -0.5355977838035302
0.33433433433433435 -0.5592749189184809
0.3353353353353353 -0.5823371126766346
0.3363363363363363 -0.6047632149242198
0.33733733733733734 -0.6265333320806985
0.3383383383383383 -0.6476288630929543
0.33933933933933935 -0.6680325324258514
0.34034034034034033 -0.6877284200168853
0.34134134134134136 -0.7067019881300691
0.34234234234234234 -0.7249401050516253
0.3433433433433433 -0.7424310655777638
0.34434434434434436 -0.759164608252535
0.34534534534534533 -0.7751319293216155
0.34634634634634637 -0.7903256933758376
0.34734734734734735 -0.8047400406662123
0.3483483483483483 -0.8183705910802809
0.34934934934934936 -0.8312144447776295
0.35035035035035034 -0.8432701794904686
0.35135135135135137 -0.8545378445032027
0.35235235235235235 -0.8650189513328792
0.3533533533533533 -0.8747164611403524
0.35435435435435436 -0.8836347689098151
0.35535535535535534 -0.891779684442102
0.3563563563563564 -0.8991584102148006
0.35735735735735735 -0.9057795161696606
0.35835835835835833 -0.9116529114951623
0.35935935935935936 -0.9167898134792201
0.36036036036036034 -0.9212027135139857
0.3613613613613614 -0.9249053403414624
0.36236236236236236 -0.9279126206351631
0.36336336336336333 -0.9302406370193521
0.36436436436436437 -0.9319065836334203
0.36536536536536535 -0.9329287193547182
0.3663663663663664 -0.9333263187986403
0.36736736736736736 -0.9331196212199269
0.3683683683683684 -0.9323297774440289
0.36936936936936937 -0.9309787949618936
0.37037037037037035 -0.9290894813257717
0.3713713713713714 -0.9266853859874761
0.37237237237237236 -0.9237907407240483
0.3733733733733734 -0.9204303987989408
0.3743743743743744 -0.9166297730095757
0.37537537537537535 -0.9124147727745685
0.3763763763763764 -0.9078117404159034
0.37737737737737737 -0.9028473867929836
0.3783783783783784 -0.8975487264467339
0.3793793793793794 -0.8919430124127549
0.38038038038038036 -0.8860576708630054
0.3813813813813814 -0.8799202357355352
0.38238238238238237 -0.873558283511444
0.3833833833833834 -0.8669993682975347
0.3843843843843844 -0.8602709573719692
0.38538538538538536 -0.8534003673487525
0.3863863863863864 -0.8464147011149492
0.38738738738738737 -0.8393407856922659
0.3883883883883884 -0.8322051111719826
0.3893893893893894 -0.8250337708691884
0.39039039039039036 -0.8178524028389004
0.3913913913913914 -0.8106861328929187
0.3923923923923924 -0.8035595192521902
0.3933933933933934 -0.7964964989650675
0.3943943943943944 -0.7895203362171135
0.39539539539539537 -0.7826535726530855
0.3963963963963964 -0.7759179798264135
0.3973973973973974 -0.7693345138858726
0.3983983983983984 -0.7629232726033054
0.3993993993993994 -0.7567034548401053
0.40040040040040037 -0.7506933225438361
0.4014014014014014 -0.7449101653597874
0.4024024024024024 -0.73937026793547
0.4034034034034034 -0.7340888799891325
0.4044044044044044 -0.7290801892061973
0.40540540540540543 -0.7243572970202801
0.4064064064064064 -0.7199321973280277
0.4074074074074074 -0.7158157581794623
0.4084084084084084 -0.7120177064779522
0.4094094094094094 -0.7085466157161755
0.41041041041041043 -0.7054098967667425
0.4114114114114114 -0.7026137917383427
0.4124124124124124 -0.7001633709004547
0.4134134134134134 -0.6980625326719188
0.4144144144144144 -0.6963140066608339
0.41541541541541543 -0.6949193597355547
0.4164164164164164 -0.6938790050988856
0.4174174174174174 -0.6931922143299536
0.4184184184184184 -0.6928571323508087
0.4194194194194194 -0.6928707952673732
0.42042042042042044 -0.6932291510271746
0.4214214214214214 -0.6939270828292149
0.4224224224224224 -0.6949584352143979
0.42342342342342343 -0.6963160427582838
0.4244244244244244 -0.6979917612813781
0.42542542542542544 -0.6999765014859273
0.4264264264264264 -0.7022602649221471
0.4274274274274274 -0.7048321821809987
0.42842842842842843 -0.7076805532051659
0.4294294294294294 -0.7107928896045999
0.43043043043043044 -0.7141559588581041
0.4314314314314314 -0.7177558302777968
0.43243243243243246 -0.7215779226089518
0.43343343343343343 -0.7256070531338029
0.4344344344344344 -0.7298274881441886
0.43543543543543545 -0.7342229946446913
0.4364364364364364 -0.7387768931449603
0.43743743743743746 -0.7434721113973423
0.43843843843843844 -0.7482912389337771
0.4394394394394394 -0.7532165822540724
0.44044044044044045 -0.7582302205162323
0.44144144144144143 -0.7633140615785026
0.44244244244244246 -0.7684498982420626
0.44344344344344344 -0.7736194645430887
0.4444444444444444 -0.7788044919429581
0.44544544544544545 -0.7839867652659085
0.44644644644644643 -0.7891481782343333
0.44744744744744747 -0.794270788453151
0.44844844844844844 -0.7993368716963648
0.4494494494494494 -0.8043289753509273
0.45045045045045046 -0.8092299708754286
0.45145145145145144 -0.8140231051339069
0.45245245245245247 -0.8186920504681595
0.45345345345345345 -0.8232209533754489
0.4544544544544544 -0.8275944816622574
0.45545545545545546 -0.8317978699489244
0.45645645645645644 -0.8358169634044378
0.4574574574574575 -0.8396382595954135
0.45845845845845845 -0.8432489483383839
0.45945945945945943 -0.8466369494498417
0.46046046046046046 -0.8497909482941036
0.46146146146146144 -0.8527004290349518
0.4624624624624625 -0.8553557055030878
0.46346346346346345 -0.857747949597806
0.46446446446446443 -0.8598692171478067
0.46546546546546547 -0.861712471162829
0.46646646646646645 -0.863271602414682
0.4674674674674675 -0.8645414472933193
0.46846846846846846 -0.865517802890814
0.4694694694694695 -0.8661974392734169
0.47047047047047047 -0.866578108909297
0.47147147147147145 -0.8666585532270934
0.4724724724724725 -0.8664385062879623
0.47347347347347346 -0.865918695561434
0.4744744744744745 -0.8651008398030294
0.4754754754754755 -0.86398764403924
0.47647647647647645 -0.8625827916731004
0.4774774774774775 -0.860890933731194
0.47847847847847846 -0.858917675280468
0.4794794794794795 -0.856669559050711
0.4804804804804805 -0.8541540463059398
0.48148148148148145 -0.8513794950151934
0.4824824824824825 -0.848355135380401
0.48348348348348347 -0.845091042785964
0.4844844844844845 -0.8415981082415418
0.4854854854854855 -0.8378880063961712
0.48648648648648646 -0.833973161208293
0.4874874874874875 -0.8298667093625185
0.48848848848848847 -0.8255824615299344
0.4894894894894895 -0.8211348615745269
0.4904904904904905 -0.8165389438137982
0.49149149149149146 -0.8118102884468351
0.4924924924924925 -0.806964975268071
0.4934934934934935 -0.8020195357895421
0.4944944944944945 -0.7969909038988165
0.4954954954954955 -0.7918963651837094
0.4964964964964965 -0.7867535050585704
0.4974974974974975 -0.7815801558302553
0.4984984984984985 -0.7763943428447969
0.4994994994994995 -0.7712142298584344
0.5005005005005005 -0.7660580637788639
0.5015015015015015 -0.7609441189244046
0.5025025025025025 -0.7558906409502949
0.5035035035035035 -0.750915790592366
0.5045045045045045 -0.7460375873791064
0.5055055055055055 -0.7412738534633924
0.5065065065065065 -0.7366421577251232
0.5075075075075075 -0.7321597602955445
0.5085085085085085 -0.7278435576531623
0.5095095095095095 -0.7237100284399588
0.5105105105105106 -0.7197751801449932
0.5115115115115115 -0.716054496800448
0.5125125125125125 -0.7125628878328814
0.5135135135135135 -0.7093146382096295
0.5145145145145145 -0.7063233600172851
0.5155155155155156 -0.7036019456056687
0.5165165165165165 -0.7011625224269401
0.5175175175175175 -0.6990164096953811
0.5185185185185185 -0.697174076988881
0.5195195195195195 -0.6956451049084301
0.5205205205205206 -0.6944381479068327
0.5215215215215215 -0.6935608993924687
0.5225225225225225 -0.6930200592083442
0.5235235235235235 -0.6928213035807012
0.5245245245245245 -0.6929692576253673
0.5255255255255256 -0.6934674704936048
0.5265265265265265 -0.6943183932326181
0.5275275275275275 -0.695523359429121
0.5285285285285285 -0.6970825686973117
0.5295295295295295 -0.6989950730655252
0.5305305305305306 -0.7012587663084948
0.5315315315315315 -0.7038703762647252
0.5325325325325325 -0.7068254601709946
0.5335335335335335 -0.7101184030382955
0.5345345345345345 -0.713742419085905
0.5355355355355356 -0.7176895562424586
0.5365365365365365 -0.7219507037151526
0.5375375375375375 -0.7265156026203927
0.5385385385385385 -0.7313728596613928
0.5395395395395395 -0.7365099638304682
0.5405405405405406 -0.7419133061060643
0.5415415415415415 -0.7475682021068544
0.5425425425425425 -0.7534589176577133
0.5435435435435435 -0.7595686972148517
0.5445445445445445 -0.765879795090081
0.5455455455455456 -0.7723735094069377
0.5465465465465466 -0.7790302187143604
0.5475475475475475 -0.7858294211767338
0.5485485485485485 -0.7927497762524072
0.5495495495495496 -0.799769148766345
0.5505505505505506 -0.8068646552763141
0.5515515515515516 -0.8140127126260077
0.5525525525525525 -0.8211890885727551
0.5535535535535535 -0.8283689543720004
0.5545545545545546 -0.8355269391955468
0.5555555555555556 -0.8426371862556689
0.5565565565565566 -0.8496734105026459
0.5575575575575575 -0.8566089577589876
0.5585585585585585 -0.8634168651497349
0.5595595595595596 -0.8700699226846402
0.5605605605605606 -0.8765407358448155
0.5615615615615616 -0.8828017890236016
0.5625625625625625 -0.8888255096689092
0.5635635635635635 -0.894584332972192
0.5645645645645646 -0.9000507669474894
0.5655655655655656 -0.9051974577426392
0.5665665665665666 -0.9099972550238223
0.5675675675675675 -0.9144232772740495
0.5685685685685685 -0.9184489768460348
0.5695695695695696 -0.9220482046101606
0.5705705705705706 -0.9251952740388578
0.5715715715715716 -0.9278650245697683
0.5725725725725725 -0.9300328840914738
0.5735735735735735 -0.9316749303973844
0.5745745745745746 -0.9327679514555767
0.5755755755755756 -0.9332895043449597
0.5765765765765766 -0.9332179727110743
0.5775775775775776 -0.9325326225981715
0.5785785785785785 -0.9312136565178627
0.5795795795795796 -0.9292422656186854
0.5805805805805806 -0.9266006798252696
0.5815815815815816 -0.923272215820491
0.5825825825825826 -0.9192413227490213
0.5835835835835835 -0.9144936255259714
0.5845845845845846 -0.9090159656399553
0.5855855855855856 -0.9027964393457992
0.5865865865865866 -0.8958244331482277
0.5875875875875876 -0.88809065648433
0.5885885885885885 -0.8795871715191727
0.5895895895895896 -0.8703074199758356
0.5905905905905906 -0.8602462469281725
0.5915915915915916 -0.8493999214918311
0.5925925925925926 -0.8377661543565094
0.5935935935935935 -0.825344112109922
0.5945945945945946 -0.8121344283116646
0.5955955955955956 -0.7981392112829648
0.5965965965965966 -0.7833620485861266
0.5975975975975976 -0.7678080081755225
0.5985985985985985 -0.7514836362098931
0.5995995995995996 -0.7343969515238216
0.6006006006006006 -0.7165574367642635
0.6016016016016016 -0.6979760262060396
0.6026026026026026 -0.678665090268268
0.6036036036036035 -0.6586384167616043
0.6046046046046046 -0.6379111889041028
0.6056056056056056 -0.6164999601513286
0.6066066066066066 -0.5944226258939872
0.6076076076076076 -0.5716983920840344
0.6086086086086087 -0.548347740857538
0.6096096096096096 -0.5243923932299549
0.6106106106106106 -0.4998552689464594
0.6116116116116116 -0.4747604435769853
0.6126126126126126 -0.4491331029522255
0.6136136136136137 -0.42299949504331663
0.6146146146146146 -0.3963868793941718
0.6156156156156156 -0.3693234742212896
0.6166166166166166 -0.3418384013016247
0.6176176176176176 -0.31396162877440437
0.6186186186186187 -0.28572391198786
0.6196196196196196 -0.25715673252664356
0.6206206206206206 -0.22829223556000838
0.6216216216216216 -0.19916316565506076
0.6226226226226226 -0.1698028012030001
0.6236236236236237 -0.14024488760968473
0.6246246246246246 -0.11052356940489552
0.6256256256256256 -0.08067332142721177
0.6266266266266266 -0.05072887924377824
0.6276276276276276 -0.020725168966006683
0.6286286286286287 0.009302763376243379
0.6296296296296297 0.03931982273833897
0.6306306306306306 0.0692909360781777
0.6316316316316316 0.09918112332246655
0.6326326326326326 0.12895556811757308
0.6336336336336337 0.15857968820101764
0.6346346346346347 0.1880192052305713
0.6356356356356356 0.21724021390933043
0.6366366366366366 0.24620925024673404
0.6376376376376376 0.27489335879769083
0.6386386386386387 0.30326015872443357
0.6396396396396397 0.33127790852853733
0.6406406406406406 0.35891556930388513
0.6416416416416416 0.3861428663648071
0.6426426426426426 0.4129303491077101
0.6436436436436437 0.43924944896872165
0.6446446446446447 0.465072535344525
0.6456456456456456 0.49037296934852903
0.6466466466466466 0.5151251552797397
0.6476476476476476 0.5393045896872662
0.6486486486486487 0.5628879079192611
0.6496496496496497 0.5858529280511386
0.6506506506506506 0.6081786920943585
0.6516516516516516 0.6298455043935555
0.6526526526526526 0.6508349671267015
0.6536536536536537 0.6711300128299629
0.6546546546546547 0.690714933876124
0.6556556556556556 0.709575408842852
0.6566566566566566 0.727698525714571
0.6576576576576576 0.7450728018693884
0.6586586586586587 0.761688200810309
0.6596596596596597 0.77753614560779
0.6606606606606606 0.792609529028702
0.6616616616616616 0.8069027203346771
0.6626626626626626 0.8204115687409167
0.6636636636636637 0.8331334035345616
0.6646646646646647 0.845067030859751
0.6656656656656657 0.8562127271845485
0.6666666666666666 0.8665722294728482
0.6676676676676676 0.876148722092311
0.6686686686686687 0.8849468204972127
0.6696696696696697 0.8929725517327658
0.6706706706706707 0.9002333318151434
0.6716716716716716 0.906737940048842
0.6726726726726726 0.9124964903503329
0.6736736736736737 0.9175203996541145
0.6746746746746747 0.9218223534841579
0.6756756756756757 0.9254162687804977
0.6766766766766766 0.9283172540771868
0.6776776776776777 0.9305415671341021
0.6786786786786787 0.9321065701310783
0.6796796796796797 0.9330306825385339
0.6806806806806807 0.9333333317842286
0.6816816816816816 0.9330349018408924
0.6826826826826827 0.9321566798642608
0.6836836836836837 0.930720801015605
0.6846846846846847 0.9287501916069261
0.6856856856856857 0.9262685107108478
0.6866866866866866 0.9233000903806513
0.6876876876876877 0.91986987462902
0.6886886886886887 0.9160033573167727
0.6896896896896897 0.9117265191051667
0.6906906906906907 0.9070657636273803
0.6916916916916916 0.9020478530363061
0.6926926926926927 0.8966998430869494
0.6936936936936937 0.891049017912594
0.6946946946946947 0.8851228246541878
0.6956956956956957 0.8789488081024817
0.6966966966966966 0.8725545455119883
0.6976976976976977 0.865967581745084
0.6986986986986987 0.8592153649033756
0.6996996996996997 0.85232518260184
0.7007007007007007 0.8453240990393638
0.7017017017017017 0.8382388930169098
0.7027027027027027 0.8310959970518248
0.7037037037037037 0.8239214377337915
0.7047047047047047 0.8167407774644065
0.7057057057057057 0.8095790577186571
0.7067067067067067 0.8024607439623903
0.7077077077077077 0.7954096723554568
0.7087087087087087 0.7884489983654321
0.7097097097097097 0.7816011474117199
0.7107107107107107 0.7748877676545247
0.7117117117117117 0.7683296850374998
0.7127127127127127 0.7619468606869693
0.7137137137137137 0.7557583507645041
0.7147147147147147 0.7497822688631961
0.7157157157157157 0.7440357510313995
0.7167167167167167 0.7385349235008879
0.7177177177177178 0.733294873189387
0.7187187187187187 0.7283296210403017
0.7197197197197197 0.7236520982551293
0.7207207207207207 0.7192741254666422
0.7217217217217217 0.7152063948933756
0.7227227227227228 0.7114584555083123
0.7237237237237237 0.7080387012469755
0.7247247247247247 0.7049543622723686
0.7257257257257257 0.7022114993064144
0.7267267267267267 0.6998150010297522
0.7277277277277278 0.6977685845439507
0.7287287287287287 0.6960747988824211
0.7297297297297297 0.6947350315486176
0.7307307307307307 0.6937495180524117
0.7317317317317317 0.6931173544079945
0.7327327327327328 0.6928365125491704
0.7337337337337337 0.6929038586105584
0.7347347347347347 0.6933151740160276
0.7357357357357357 0.694065179308613
0.7367367367367368 0.6951475606493289
0.7377377377377378 0.6965549989055714
0.7387387387387387 0.6982792012433746
0.7397397397397397 0.7003109351315323
0.7407407407407407 0.7026400646595696
0.7417417417417418 0.7052555890658493
0.7427427427427428 0.7081456833666042
0.7437437437437437 0.7112977409714994
0.7447447447447447 0.7146984181664543
0.7457457457457457 0.7183336803398487
0.7467467467467468 0.7221888498240369
0.7477477477477478 0.7262486552200887
0.7487487487487487 0.730497282070171
0.7497497497497497 0.7349184247387173
0.7507507507507507 0.739495339360642
0.7517517517517518 0.7442108977123842
0.7527527527527528 0.749047641859418
0.7537537537537538 0.7539878394320931
0.7547547547547547 0.759013539380314
0.7557557557557557 0.764106628056546
0.7567567567567568 0.769248885476077
0.7577577577577578 0.7744220416031774
0.7587587587587588 0.7796078325120359
0.7597597597597597 0.7847880562718812
0.7607607607607607 0.7899446284066197
0.7617617617617618 0.7950596367806874
0.7627627627627628 0.8001153957645092
0.7637637637637638 0.8050944995350243
0.7647647647647647 0.8099798743692125
0.7657657657657657 0.8147548297913525
0.7667667667667668 0.8194031084379533
0.7677677677677678 0.8239089345077601
0.7687687687687688 0.8282570606681607
0.7697697697697697 0.8324328132934731
0.7707707707707707 0.8364221359150952
0.7717717717717718 0.8402116307683384
0.7727727727727728 0.8437885983258606
0.7737737737737738 0.8471410747130004
0.7747747747747747 0.8502578669059782
0.7757757757757757 0.8531285856198338
0.7767767767767768 0.8557436757991335
0.7777777777777778 0.8580944446308177
0.7787787787787788 0.8601730870051711
0.7797797797797797 0.8619727083576413
0.7807807807807807 0.8634873448311645
0.7817817817817818 0.8647119807057626
0.7827827827827828 0.8656425630493902
0.7837837837837838 0.8662760135513558
0.7847847847847848 0.8666102375070825
0.7857857857857857 0.8666441299304972
0.7867867867867868 0.866377578777919
0.7877877877877878 0.8658114652749364
0.7887887887887888 0.8649476613454137
0.7897897897897898 0.8637890241494095
0.7907907907907907 0.8623393877444206
0.7917917917917918 0.8606035518919621
0.7927927927927928 0.8585872680390207
0.7937937937937938 0.8562972225113938
0.7947947947947948 0.8537410169632786
0.7957957957957957 0.8509271461347478
0.7967967967967968 0.8478649729758443
0.7977977977977978 0.8445647012030322
0.7987987987987988 0.8410373453605187
0.7997997997997998 0.8372946984655867
0.8008008008008007 0.8333492973235128
0.8018018018018018 0.8292143856038248
0.8028028028028028 0.8249038747756162
0.8038038038038038 0.8204323030053728
0.8048048048048048 0.8158147921261897
0.8058058058058059 0.8110670027924565
0.8068068068068068 0.8062050879389449
0.8078078078078078 0.8012456446678256
0.8088088088088088 0.7962056646914178
0.8098098098098098 0.7911024834623546
0.8108108108108109 0.7859537281265261
0.8118118118118118 0.7807772644373524
0.8128128128128128 0.7755911427728535
0.8138138138138138 0.7704135433995305
0.8148148148148148 0.7652627211292297
0.8158158158158159 0.7601569495169616
0.8168168168168168 0.7551144647490462
0.8178178178178178 0.7501534093719958
0.8188188188188188 0.7452917760132173
0.8198198198198198 0.7405473512447995
0.8208208208208209 0.7359376597416244
0.8218218218218218 0.7314799088844368
0.8228228228228228 0.7271909339576355
0.8238238238238238 0.7230871440902589
0.8248248248248248 0.7191844690869615
0.8258258258258259 0.7154983072937291
0.8268268268268268 0.7120434746406445
0.8278278278278278 0.7088341550012356
0.8288288288288288 0.7058838520048036
0.8298298298298298 0.7032053424345632
0.8308308308308309 0.7008106313406677
0.8318318318318318 0.6987109089929407
0.8328328328328328 0.6969165097936494
0.8338338338338338 0.6954368732658491
0.8348348348348348 0.6942805072276936
0.8358358358358359 0.6934549532577096
0.8368368368368369 0.6929667545503411
0.8378378378378378 0.6928214262551267
0.8388388388388388 0.6930234283867106
0.8398398398398398 0.693576141386412
0.8408408408408409 0.6944818444095205
0.8418418418418419 0.695741696405601
0.8428428428428428 0.6973557200520915
0.8438438438438438 0.6993227885943246
0.8448448448448448 0.7016406156377626
0.8458458458458459 0.70430574793081
0.8468468468468469 0.7073135611690105
0.8478478478478478 0.7106582588437799
0.8488488488488488 0.7143328741511521
0.8498498498498498 0.7183292749682073
0.8508508508508509 0.7226381718971103
0.8518518518518519 0.7272491293688569
0.8528528528528528 0.732150579791027
0.8538538538538538 0.7373298407161111
0.8548548548548548 0.7427731349992158
0.8558558558558559 0.7484656139063455
0.8568568568568569 0.7543913831268808
0.8578578578578578 0.7605335316363924
0.8588588588588588 0.7668741633486357
0.8598598598598598 0.7733944314883565
0.8608608608608609 0.7800745756095133
0.8618618618618619 0.786893961176689
0.8628628628628628 0.7938311216207776
0.8638638638638638 0.8008638027736373
0.8648648648648649 0.8079690095801401
0.8658658658658659 0.815123054980126
0.8668668668668669 0.8223016108470576
0.8678678678678678 0.8294797608647123
0.8688688688688688 0.8366320552181422
0.8698698698698699 0.8437325669702894
0.8708708708708709 0.8507549499910896
0.8718718718718719 0.8576724983017664
0.8728728728728729 0.8644582066930581
0.8738738738738738 0.8710848324727221
0.8748748748748749 0.8775249581943938
0.8758758758758759 0.8837510552171522
0.8768768768768769 0.8897355479427324
0.8778778778778779 0.8954508785751906
0.8788788788788788 0.9008695722462727
0.8798798798798799 0.9059643023484086
0.8808808808808809 0.9107079559163561
0.8818818818818819 0.915073698898095
0.8828828828828829 0.9190350411553878
0.8838838838838838 0.922565901034823
0.8848848848848849 0.9256406693507645
0.8858858858858859 0.9282342726227851
0.8868868868868869 0.9303222354116283
0.8878878878878879 0.9318807415995971
0.8888888888888888 0.9328866944635338
0.8898898898898899 0.9333177753912135
0.8908908908908909 0.9331525010949273
0.8918918918918919 0.9323702791794682
0.8928928928928929 0.9309514619253919
0.8938938938938938 0.9288773981525714
0.8948948948948949 0.9261304830334182
0.8958958958958959 0.9226942057299176
0.8968968968968969 0.9185531947337034
0.8978978978978979 0.913693260793696
0.8988988988988988 0.908101437321544
0.8998998998998999 0.9017660181710223
0.9009009009009009 0.8946765926936985
0.9019019019019019 0.8868240779796748
0.9029029029029029 0.878200748198828
0.9039039039039038 0.8688002609649035
0.9049049049049049 0.8586176806518679
0.9059059059059059 0.8476494985992055
0.9069069069069069 0.8358936501502705
0.9079079079079079 0.8233495284753805
0.9089089089089089 0.8100179951390187
0.9099099099099099 0.7959013873783479
0.9109109109109109 0.7810035220680968
0.9119119119119119 0.7653296963548639
0.9129129129129129 0.7488866849518897
0.9139139139139139 0.7316827340933747
0.914914914914915 0.7137275521554874
0.9159159159159159 0.6950322969592263
0.9169169169169169 0.6756095597783012
0.9179179179179179 0.6554733460831913
0.9189189189189189 0.6346390530603693
0.91991991991992 0.6131234439535221
0.9209209209209209 0.5909446192812642
0.9219219219219219 0.5681219849933833
0.9229229229229229 0.544676217635127
0.9239239239239239 0.5206292265962024
0.924924924924925 0.4960041135283154
0.9259259259259259 0.47082512902186957
0.9269269269269269 0.44511762663911725
0.9279279279279279 0.41890801440748926
0.9289289289289289 0.392223703882962
0.92992992992993 0.3650930568992311
0.9309309309309309 0.3375453301240949
0.9319319319319319 0.3096106175497286
0.9329329329329329 0.2813197910486372
0.933933933933934 0.25270443913165963
0.934934934934935 0.22379680404889687
0.9359359359359359 0.1946297173783255
0.9369369369369369 0.1652365342506574
0.9379379379379379 0.1356510663622535
0.938938938938939 0.10590751393085743
0.93993993993994 0.07604039675151132
0.9409409409409409 0.046084484512148825
0.9419419419419419 0.01607472653024601
0.9429429429429429 -0.013953818926756754
0.943943943943944 -0.043966055573523864
0.944944944944945 -0.07392692012695715
0.9459459459459459 -0.10380145324989545
0.9469469469469469 -0.1335548702538979
0.9479479479479479 -0.16315263139736946
0.948948948948949 -0.19256051161615967
0.94994994994995 -0.22174466952520047
0.950950950950951 -0.2506717155315369
0.9519519519519519 -0.2793087789011951
0.9529529529529529 -0.3076235736249496
0.953953953953954 -0.3355844629309565
0.954954954954955 -0.3631605222954473
0.955955955955956 -0.39032160080644607
0.9569569569569569 -0.41703838073935884
0.9579579579579579 -0.44328243520769883
0.958958958958959 -0.46902628375687594
0.95995995995996 -0.4942434457739529
0.960960960960961 -0.5189084915916252
0.9619619619619619 -0.5429970911702082
0.9629629629629629 -0.5664860602473588
0.963963963963964 -0.5893534038513896
0.964964964964965 -0.6115783570803792
0.965965965965966 -0.6331414230560145
0.9669669669669669 -0.6540244079678319
0.9679679679679679 -0.6742104531306744
0.968968968968969 -0.6936840639853595
0.96996996996997 -0.7124311359799654
0.970970970970971 -0.7304389772767221
0.9719719719719719 -0.7476963282371183
0.9729729729729729 -0.7641933776456731
0.973973973973974 -0.7799217756406807
0.974974974974975 -0.7948746433281717
0.975975975975976 -0.8090465790633818
0.9769769769769769 -0.8224336613920004
0.9779779779779779 -0.8350334486515578
0.978978978978979 -0.8468449752413403
0.97997997997998 -0.8578687445772106
0.980980980980981 -0.8681067187557241
0.9819819819819819 -0.877562304959778
0.9829829829829829 -0.8862403386458787
0.983983983983984 -0.8941470635607977
0.984984984984985 -0.9012901086429819
0.985985985985986 -0.9076784618715112
0.986986986986987 -0.913322441132685
0.9879879879879879 -0.9182336621813947
0.988988988988989 -0.922425003781377
0.98998998998999 -0.9259105701150813
0.990990990990991 -0.9287056505603835
0.991991991991992 -0.9308266769375647
0.992992992992993 -0.9322911783359331
0.993993993993994 -0.9331177336351254
0.994994994994995 -0.9333259218415243
0.995995995995996 -0.9329362703653149
0.996996996996997 -0.9319702013684267
0.997997997997998 -0.9304499763181069
0.998998998998999 -0.928398638884925
1.0 -0.9258399563277762
