0.0 0.0
0.002002002002002002 0.06001327205662721
0.004004004004004004 0.11974627034020413
0.006006006006006006 0.17892098780648585
0.008008008008008008 0.2372639298726486
0.01001001001001001 0.29450831836170943
0.012012012012012012 0.35039623327309133
0.014014014014014014 0.4046806725981571
0.016016016016016016 0.4571275111961679
0.018018018018018018 0.5075173407270162
0.02002002002002002 0.555647173792521
0.022022022022022022 0.6013319967566202
0.024024024024024024 0.6444061571833897
0.026026026026026026 0.6847245734359368
0.028028028028028028 0.7221637557029691
0.03003003003003003 0.7566226295461861
0.03203203203203203 0.7880231549725133
0.03403403403403403 0.8163107360116992
0.036036036036036036 0.8414544178024033
0.03803803803803804 0.86344687023862
0.04004004004004004 0.8823041592828988
0.04204204204204204 0.8980653090930502
0.044044044044044044 0.9107916601147507
0.04604604604604605 0.9205660302439294
0.04804804804804805 0.9274916880408051
0.050050050050050046 0.9316911487634989
0.05205205205205205 0.9333048056657272
0.05405405405405406 0.9324894105537439
0.056056056056056056 0.9294164190072967
0.058058058058058054 0.9242702169241063
0.06006006006006006 0.9172462461351037
0.062062062062062065 0.9085490477478058
0.06406406406406406 0.8983902425990529
0.06606606606606606 0.8869864687289543
0.06806806806806806 0.8745572961203689
0.07007007007007007 0.8613231390795733
0.07207207207207207 0.8475031865630006
0.07407407407407407 0.8333133704830982
0.07607607607607608 0.8189643915565182
0.07807807807807808 0.8046598215950311
0.08008008008008008 0.7905943002907035
0.08208208208208208 0.7769518435207948
0.08408408408408408 0.7639042790050633
0.08608608608608609 0.7516098238009556
0.08808808808808809 0.7402118166342174
0.09009009009009009 0.7298376164489557
0.0920920920920921 0.7205976768384954
0.0940940940940941 0.7125848042039251
0.0960960960960961 0.7058736055994351
0.0980980980980981 0.7005201302814232
0.10010010010010009 0.6965617070015309
0.1021021021021021 0.6940169770921648
0.1041041041041041 0.6928861214067311
0.1061061061061061 0.69315127721572
0.10810810810810811 0.6947771392436595
0.11011011011011011 0.6977117371800082
0.11211211211211211 0.7018873802278834
0.11411411411411411 0.7072217575858124
0.11611611611611611 0.7136191822061604
0.11811811811811812 0.7209719637550245
0.12012012012012012 0.7291618954263204
0.12212212212212212 0.7380618381502082
0.12412412412412413 0.7475373847939271
0.12612612612612611 0.7574485861908452
0.12812812812812813 0.7676517202585924
0.13013013013013014 0.7780010850850867
0.13213213213213212 0.788350796675787
0.13413413413413414 0.7985565720682108
0.13613613613613612 0.8084774787303393
0.13813813813813813 0.8179776315656437
0.14014014014014015 0.8269278194447764
0.14214214214214213 0.835207043966249
0.14414414414414414 0.8427039541075676
0.14614614614614616 0.8493181615543748
0.14814814814814814 0.8549614227766349
0.15015015015015015 0.8595586753446116
0.15215215215215216 0.8630489175287553
0.15415415415415415 0.8653859218907884
0.15615615615615616 0.8665387753312349
0.15815815815815815 0.8664922398934581
0.16016016016016016 0.8652469305172165
0.16216216216216217 0.8628193078665108
0.16416416416416416 0.8592414863073803
0.16616616616616617 0.8545608590614219
0.16816816816816815 0.8488395444902673
0.17017017017017017 0.8421536593553691
0.17217217217217218 0.8345924267269842
0.17417417417417416 0.8262571279674839
0.17617617617617617 0.8172599098692225
0.1781781781781782 0.8077224595692434
0.18018018018018017 0.7977745612762804
0.18218218218218218 0.787552550115433
0.1841841841841842 0.7771976795094301
0.18618618618618618 0.7668544194611767
0.1881881881881882 0.7566687038705008
0.19019019019019018 0.7467861456007137
0.1921921921921922 0.7373502384017036
0.1941941941941942 0.7285005649915872
0.1961961961961962 0.720371030596299
0.1981981981981982 0.7130881410457011
0.20020020020020018 0.7067693441276531
0.2022022022022022 0.701521452311806
0.2042042042042042 0.6974391641784059
0.2062062062062062 0.694603700931756
0.2082082082082082 0.6930815732526341
0.21021021021021022 0.6929234924600656
0.2122122122122122 0.6941634385231799
0.21421421421421422 0.6968178959027147
0.21621621621621623 0.7008852665246077
0.2182182182182182 0.7063454674119168
0.22022022022022023 0.7131597186436924
0.2222222222222222 0.7212705253891399
0.22422422422422422 0.7306018558016641
0.22622622622622623 0.7410595145699164
0.22822822822822822 0.7525317099318104
0.23023023023023023 0.7648898099826176
0.23223223223223222 0.7779892821696465
0.23423423423423423 0.791670807983235
0.23623623623623624 0.8057615630457742
0.23823823823823823 0.8200766510856697
0.24024024024024024 0.8344206786787666
0.24224224224224225 0.8485894561622183
0.24424424424424424 0.8623718087900485
0.24624624624624625 0.8755514810193872
0.24824824824824826 0.887909115803633
0.2502502502502503 0.8992242899340819
0.25225225225225223 0.9092775858234468
0.25425425425425424 0.9178526796700417
0.25625625625625625 0.9247384256850543
0.25825825825825827 0.929730916010212
0.2602602602602603 0.9326354961000997
0.26226226226226224 0.933268715691352
0.26426426426426425 0.9314601960267308
0.26626626626626626 0.9270543947406371
0.2682682682682683 0.9199122507368505
0.2702702702702703 0.9099126924903364
0.27227227227227224 0.896953994472167
0.27427427427427425 0.8809549678176211
0.27627627627627627 0.8618559729185133
0.2782782782782783 0.8396197433064626
0.2802802802802803 0.8142320119876131
0.2822822822822823 0.7857019332736904
0.28428428428428426 0.7540622951106202
0.2862862862862863 0.7193695189150507
0.2882882882882883 0.6817034459712062
0.2902902902902903 0.6411669114953376
0.2922922922922923 0.5978851095224988
0.29429429429429427 0.5520047537900996
0.2962962962962963 0.5036930417647818
0.2982982982982983 0.45313643086420674
0.3003003003003003 0.4005392377443037
0.3023023023023023 0.3461220732376793
0.30430430430430433 0.2901201271230239
0.3063063063063063 0.23278131836283197
0.3083083083083083 0.17436432775311725
0.3103103103103103 0.11513653107112715
0.3123123123123123 0.055371851773964975
0.31431431431431434 -0.004651446916909769
0.3163163163163163 -0.06465301012104549
0.3183183183183183 -0.12435265877914864
0.3203203203203203 -0.1834726555045035
0.32232232232232233 -0.24173994781803398
0.32432432432432434 -0.2988883679992653
0.3263263263263263 -0.35466076920734074
0.3283283283283283 -0.4088110781458354
0.3303303303303303 -0.46110624535631506
0.33233233233233234 -0.5113280752203884
0.33433433433433435 -0.5592749189184809
0.3363363363363363 -0.6047632149242198
0.3383383383383383 -0.6476288630929543
0.34034034034034033 -0.6877284200168853
0.34234234234234234 -0.7249401050516253
0.34434434434434436 -0.759164608252535
0.34634634634634637 -0.7903256933758376
0.3483483483483483 -0.8183705910802809
0.35035035035035034 -0.8432701794904686
0.35235235235235235 -0.8650189513328792
0.35435435435435436 -0.8836347689098151
0.3563563563563564 -0.8991584102148006
0.35835835835835833 -0.9116529114951623
0.36036036036036034 -0.9212027135139857
0.36236236236236236 -0.9279126206351631
0.36436436436436437 -0.9319065836334203
0.3663663663663664 -0.9333263187986403
0.3683683683683684 -0.9323297774440289
0.37037037037037035 -0.9290894813257717
0.37237237237237236 -0.9237907407240483
0.3743743743743744 -0.9166297730095757
0.3763763763763764 -0.9078117404159034
0.3783783783783784 -0.8975487264467339
0.38038038038038036 -0.8860576708630054
0.38238238238238237 -0.873558283511444
0.3843843843843844 -0.8602709573719692
0.3863863863863864 -0.8464147011149492
0.3883883883883884 -0.8322051111719826
0.39039039039039036 -0.8178524028389004
0.3923923923923924 -0.8035595192521902
0.3943943943943944 -0.7895203362171135
0.3963963963963964 -0.7759179798264135
0.3983983983983984 -0.7629232726033054
0.40040040040040037 -0.7506933225438361
0.4024024024024024 -0.73937026793547
0.4044044044044044 -0.7290801892061973
0.4064064064064064 -0.7199321973280277
0.4084084084084084 -0.7120177064779522
0.41041041041041043 -0.7054098967667425
0.4124124124124124 -0.7001633709004547
0.4144144144144144 -0.6963140066608339
0.4164164164164164 -0.6938790050988856
0.4184184184184184 -0.6928571323508087
0.42042042042042044 -0.6932291510271746
0.4224224224224224 -0.6949584352143979
0.4244244244244244 -0.6979917612813781
0.4264264264264264 -0.7022602649221471
0.42842842842842843 -0.7076805532051659
0.43043043043043044 -0.7141559588581041
0.43243243243243246 -0.7215779226089518
0.4344344344344344 -0.7298274881441886
0.4364364364364364 -0.7387768931449603
0.43843843843843844 -0.7482912389337771
0.44044044044044045 -0.7582302205162323
0.44244244244244246 -0.7684498982420626
0.4444444444444444 -0.7788044919429581
0.44644644644644643 -0.7891481782343333
0.44844844844844844 -0.7993368716963648
0.45045045045045046 -0.8092299708754286
0.45245245245245247 -0.8186920504681595
0.4544544544544544 -0.8275944816622574
0.45645645645645644 -0.8358169634044378
0.45845845845845845 -0.8432489483383839
0.46046046046046046 -0.8497909482941036
0.4624624624624625 -0.8553557055030878
0.46446446446446443 -0.8598692171478067
0.46646646646646645 -0.863271602414682
0.46846846846846846 -0.865517802890814
0.47047047047047047 -0.866578108909297
0.4724724724724725 -0.8664385062879623
0.4744744744744745 -0.8651008398030294
0.47647647647647645 -0.8625827916731004
0.47847847847847846 -0.858917675280468
0.4804804804804805 -0.8541540463059398
0.4824824824824825 -0.848355135380401
0.4844844844844845 -0.8415981082415418
0.48648648648648646 -0.833973161208293
0.48848848848848847 -0.8255824615299344
0.4904904904904905 -0.8165389438137982
0.4924924924924925 -0.806964975268071
0.4944944944944945 -0.7969909038988165
0.4964964964964965 -0.7867535050585704
0.4984984984984985 -0.7763943428447969
0.5005005005005005 -0.7660580637788639
0.5025025025025025 -0.7558906409502949
0.5045045045045045 -0.7460375873791064
0.5065065065065065 -0.7366421577251232
0.5085085085085085 -0.7278435576531623
0.5105105105105106 -0.7197751801449932
0.5125125125125125 -0.7125628878328814
0.5145145145145145 -0.7063233600172851
0.5165165165165165 -0.7011625224269401
0.5185185185185185 -0.697174076988881
0.5205205205205206 -0.6944381479068327
0.5225225225225225 -0.6930200592083442
0.5245245245245245 -0.6929692576253673
0.5265265265265265 -0.6943183932326181
0.5285285285285285 -0.6970825686973117
0.5305305305305306 -0.7012587663084948
0.5325325325325325 -0.7068254601709946
0.5345345345345345 -0.713742419085905
0.5365365365365365 -0.7219507037151526
0.5385385385385385 -0.7313728596613928
0.5405405405405406 -0.7419133061060643
0.5425425425425425 -0.7534589176577133
0.5445445445445445 -0.765879795090081
0.5465465465465466 -0.7790302187143604
0.5485485485485485 -0.7927497762524072
0.5505505505505506 -0.8068646552763141
0.5525525525525525 -0.8211890885727551
0.5545545545545546 -0.8355269391955468
0.5565565565565566 -0.8496734105026459
0.5585585585585585 -0.8634168651497349
0.5605605605605606 -0.8765407358448155
0.5625625625625625 -0.8888255096689092
0.5645645645645646 -0.9000507669474894
0.5665665665665666 -0.9099972550238223
0.5685685685685685 -0.9184489768460348
0.5705705705705706 -0.9251952740388578
0.5725725725725725 -0.9300328840914738
0.5745745745745746 -0.9327679514555767
0.5765765765765766 -0.9332179727110743
0.5785785785785785 -0.9312136565178627
0.5805805805805806 -0.9266006798252696
0.5825825825825826 -0.9192413227490213
0.5845845845845846 -0.9090159656399553
0.5865865865865866 -0.8958244331482277
0.5885885885885885 -0.8795871715191727
0.5905905905905906 -0.8602462469281725
0.5925925925925926 -0.8377661543565094
0.5945945945945946 -0.8121344283116646
0.5965965965965966 -0.7833620485861266
0.5985985985985985 -0.7514836362098931
0.6006006006006006 -0.7165574367642635
0.6026026026026026 -0.678665090268268
0.6046046046046046 -0.6379111889041028
0.6066066066066066 -0.5944226258939872
0.6086086086086087 -0.548347740857538
0.6106106106106106 -0.4998552689464594
0.6126126126126126 -0.4491331029522255
0.6146146146146146 -0.3963868793941718
0.6166166166166166 -0.3418384013016247
0.6186186186186187 -0.28572391198786
0.6206206206206206 -0.22829223556000838
0.6226226226226226 -0.1698028012030001
0.6246246246246246 -0.11052356940489552
0.6266266266266266 -0.05072887924377824
0.6286286286286287 0.009302763376243379
0.6306306306306306 0.0692909360781777
0.6326326326326326 0.12895556811757308
0.6346346346346347 0.1880192052305713
0.6366366366366366 0.24620925024673404
0.6386386386386387 0.30326015872443357
0.6406406406406406 0.35891556930388513
0.6426426426426426 0.4129303491077101
0.6446446446446447 0.465072535344525
0.6466466466466466 0.5151251552797397
0.6486486486486487 0.5628879079192611
0.6506506506506506 0.6081786920943585
0.6526526526526526 0.6508349671267015
0.6546546546546547 0.690714933876124
0.6566566566566566 0.727698525714571
0.6586586586586587 0.761688200810309
0.6606606606606606 0.792609529028702
0.6626626626626626 0.8204115687409167
0.6646646646646647 0.845067030859751
0.6666666666666666 0.8665722294728482
0.6686686686686687 0.8849468204972127
0.6706706706706707 0.9002333318151434
0.6726726726726726 0.9124964903503329
0.6746746746746747 0.9218223534841579
0.6766766766766766 0.9283172540771868
0.6786786786786787 0.9321065701310783
0.6806806806806807 0.9333333317842286
0.6826826826826827 0.9321566798642608
0.6846846846846847 0.9287501916069261
0.6866866866866866 0.9233000903806513
0.6886886886886887 0.9160033573167727
0.6906906906906907 0.9070657636273803
0.6926926926926927 0.8966998430869494
0.6946946946946947 0.8851228246541878
0.6966966966966966 0.8725545455119883
0.6986986986986987 0.8592153649033756
0.7007007007007007 0.8453240990393638
0.7027027027027027 0.8310959970518248
0.7047047047047047 0.8167407774644065
0.7067067067067067 0.8024607439623903
0.7087087087087087 0.7884489983654321
0.7107107107107107 0.7748877676545247
0.7127127127127127 0.7619468606869693
0.7147147147147147 0.7497822688631961
0.7167167167167167 0.7385349235008879
0.7187187187187187 0.7283296210403017
0.7207207207207207 0.7192741254666422
0.7227227227227228 0.7114584555083123
0.7247247247247247 0.7049543622723686
0.7267267267267267 0.6998150010297522
0.7287287287287287 0.6960747988824211
0.7307307307307307 0.6937495180524117
0.7327327327327328 0.6928365125491704
0.7347347347347347 0.6933151740160276
0.7367367367367368 0.6951475606493289
0.7387387387387387 0.6982792012433746
0.7407407407407407 0.7026400646595696
0.7427427427427428 0.7081456833666042
0.7447447447447447 0.7146984181664543
0.7467467467467468 0.7221888498240369
0.7487487487487487 0.730497282070171
0.7507507507507507 0.739495339360642
0.7527527527527528 0.749047641859418
0.7547547547547547 0.759013539380314
0.7567567567567568 0.769248885476077
0.7587587587587588 0.7796078325120359
0.7607607607607607 0.7899446284066197
0.7627627627627628 0.8001153957645092
0.7647647647647647 0.8099798743692125
0.7667667667667668 0.8194031084379533
0.7687687687687688 0.8282570606681607
0.7707707707707707 0.8364221359150952
0.7727727727727728 0.8437885983258606
0.7747747747747747 0.8502578669059782
0.7767767767767768 0.8557436757991335
0.7787787787787788 0.8601730870051711
0.7807807807807807 0.8634873448311645
0.7827827827827828 0.8656425630493902
0.7847847847847848 0.8666102375070825
0.7867867867867868 0.866377578777919
0.7887887887887888 0.8649476613454137
0.7907907907907907 0.8623393877444206
0.7927927927927928 0.8585872680390207
0.7947947947947948 0.8537410169632786
0.7967967967967968 0.8478649729758443
0.7987987987987988 0.8410373453605187
0.8008008008008007 0.8333492973235128
0.8028028028028028 0.8249038747756162
0.8048048048048048 0.8158147921261897
0.8068068068068068 0.8062050879389449
0.8088088088088088 0.7962056646914178
0.8108108108108109 0.7859537281265261
0.8128128128128128 0.7755911427728535
0.8148148148148148 0.7652627211292297
0.8168168168168168 0.7551144647490462
0.8188188188188188 0.7452917760132173
0.8208208208208209 0.7359376597416244
0.8228228228228228 0.7271909339576355
0.8248248248248248 0.7191844690869615
0.8268268268268268 0.7120434746406445
0.8288288288288288 0.7058838520048036
0.8308308308308309 0.7008106313406677
0.8328328328328328 0.6969165097936494
0.8348348348348348 0.6942805072276936
0.8368368368368369 0.6929667545503411
0.8388388388388388 0.6930234283867106
0.8408408408408409 0.6944818444095205
0.8428428428428428 0.6973557200520915
0.8448448448448448 0.7016406156377626
0.8468468468468469 0.7073135611690105
0.8488488488488488 0.7143328741511521
0.8508508508508509 0.7226381718971103
0.8528528528528528 0.732150579791027
0.8548548548548548 0.7427731349992158
0.8568568568568569 0.7543913831268808
0.8588588588588588 0.7668741633486357
0.8608608608608609 0.7800745756095133
0.8628628628628628 0.7938311216207776
0.8648648648648649 0.8079690095801401
0.8668668668668669 0.8223016108470576
0.8688688688688688 0.8366320552181422
0.8708708708708709 0.8507549499910896
0.8728728728728729 0.8644582066930581
0.8748748748748749 0.8775249581943938
0.8768768768768769 0.8897355479427324
0.8788788788788788 0.9008695722462727
0.8808808808808809 0.9107079559163561
0.8828828828828829 0.9190350411553878
0.8848848848848849 0.9256406693507645
0.8868868868868869 0.9303222354116283
0.8888888888888888 0.9328866944635338
0.8908908908908909 0.9331525010949273
0.8928928928928929 0.9309514619253919
0.8948948948948949 0.9261304830334182
0.8968968968968969 0.9185531947337034
0.8988988988988988 0.908101437321544
0.9009009009009009 0.8946765926936985
0.9029029029029029 0.878200748198828
0.9049049049049049 0.8586176806518679
0.9069069069069069 0.8358936501502705
0.9089089089089089 0.8100179951390187
0.9109109109109109 0.7810035220680968
0.9129129129129129 0.7488866849518897
0.914914914914915 0.7137275521554874
0.9169169169169169 0.6756095597783012
0.9189189189189189 0.6346390530603693
0.9209209209209209 0.5909446192812642
0.9229229229229229 0.544676217635127
0.924924924924925 0.4960041135283154
0.9269269269269269 0.44511762663911725
0.9289289289289289 0.392223703882962
0.9309309309309309 0.3375453301240949
0.9329329329329329 0.2813197910486372
0.934934934934935 0.22379680404889687
0.9369369369369369 0.1652365342506574
0.938938938938939 0.10590751393085743
0.9409409409409409 0.046084484512148825
0.9429429429429429 -0.013953818926756754
0.944944944944945 -0.07392692012695715
0.9469469469469469 -0.1335548702538979
0.948948948948949 -0.19256051161615967
0.950950950950951 -0.2506717155315369
0.9529529529529529 -0.3076235736249496
0.954954954954955 -0.3631605222954473
0.9569569569569569 -0.41703838073935884
0.958958958958959 -0.46902628375687594
0.960960960960961 -0.5189084915916252
0.9629629629629629 -0.5664860602473588
0.964964964964965 -0.6115783570803792
0.9669669669669669 -0.6540244079678319
0.968968968968969 -0.6936840639853595
0.970970970970971 -0.7304389772767221
0.9729729729729729 -0.7641933776456731
0.974974974974975 -0.7948746433281717
0.9769769769769769 -0.8224336613920004
0.978978978978979 -0.8468449752413403
0.980980980980981 -0.8681067187557241
0.9829829829829829 -0.8862403386458787
0.984984984984985 -0.9012901086429819
0.986986986986987 -0.913322441132685
0.988988988988989 -0.922425003781377
0.990990990990991 -0.9287056505603835
0.992992992992993 -0.9322911783359331
0.994994994994995 -0.9333259218415243
0.996996996996997 -0.9319702013684267
0.998998998998999 -0.928398638884925